,Temperature,Humidity,Cloudiness,Wind_Speed,Latitude
0,66.2,77,75,6.93,42.77
1,48.47,81,92,10.07,68.05
2,51.8,57,20,20.8,70.47
3,46.49,85,88,4.92,68.31
4,93.2,17,0,11.41,37.34
5,60.08,100,88,24.27,-33.64
6,83.75,100,92,0.34,3.07
7,48.65,73,0,2.01,35.6
8,60.8,82,90,5.82,43.41
9,82.13,100,92,26.51,11.67
10,57.2,87,90,9.17,64.86
11,89.6,55,1,2.91,36.4
12,68.0,52,0,20.13,59.77
13,69.17,97,76,4.36,8.0
14,44.6,93,90,11.41,68.22
15,78.8,83,75,13.87,22.08
16,73.13,87,8,1.68,28.17
17,44.51,86,0,11.52,71.64
18,84.2,74,40,3.36,35.03
19,77.18,100,76,2.8,-2.57
20,75.47,96,20,11.74,-23.12
21,46.4,70,75,8.05,-43.03
22,75.2,94,75,12.41,5.28
23,43.7,97,88,12.64,-33.21
24,78.8,69,0,8.05,-17.88
25,53.6,81,90,6.93,-33.93
26,89.6,52,20,8.05,42.65
27,87.17,63,48,11.86,-2.9
28,87.8,54,20,8.05,52.47
29,80.6,78,75,9.17,6.33
30,91.4,79,75,9.17,29.94
31,53.6,100,90,6.93,50.7
32,68.9,97,92,12.3,-24.87
33,64.4,72,0,12.75,-28.24
34,46.49,91,0,9.06,60.14
35,73.4,83,75,16.11,-21.21
36,32.0,100,90,11.41,-54.81
37,48.56,100,92,6.15,-34.42
38,82.4,83,75,4.7,6.8
39,75.2,47,20,4.7,52.02
40,93.2,52,1,6.93,33.19
41,68.0,52,0,20.13,59.7
42,76.28,75,68,9.28,4.92
43,46.4,70,75,8.05,-42.78
44,78.8,78,20,5.82,32.63
45,71.33,100,0,13.31,-19.55
46,89.6,52,20,23.04,45.36
47,46.4,70,75,8.05,-42.88
48,20.93,71,0,2.91,-46.19
49,97.97,21,0,6.38,29.14
50,38.48,100,20,5.03,-46.13
51,91.4,59,20,5.59,29.76
52,41.0,86,90,10.29,69.44
53,84.2,89,40,11.41,16.32
54,63.59,100,0,4.36,50.56
55,78.8,61,75,19.46,-0.74
56,66.2,68,0,2.24,-23.95
57,41.0,100,90,4.7,63.75
58,91.4,58,1,6.93,39.31
59,63.95,92,56,9.17,46.54
60,74.75,94,92,10.96,20.71
61,53.6,87,92,12.75,-34.53
62,48.2,100,76,2.24,53.05
63,53.6,76,90,5.82,51.26
64,39.29,97,92,5.14,-51.62
65,41.63,88,92,29.97,72.79
66,76.73,75,0,20.47,5.35
67,68.99,99,92,8.61,15.34
68,53.6,100,90,11.41,60.79
69,59.0,51,20,5.82,60.91
70,68.72,47,8,10.4,-38.31
71,51.8,62,0,20.8,-34.58
72,82.4,28,1,4.25,47.13
73,55.4,76,40,5.82,68.1
74,87.8,66,40,24.16,13.22
75,93.2,42,12,16.89,37.17
76,69.8,68,40,4.7,45.52
77,75.2,27,0,8.05,-12.5
78,54.5,91,92,12.08,61.57
79,65.57,36,92,9.28,-23.58
80,46.4,100,0,6.71,64.73
81,66.2,80,0,3.36,-6.5
82,51.8,100,92,14.99,62.23
83,68.09,66,8,1.9,42.44
84,75.2,56,1,5.82,39.65
85,33.89,100,88,9.51,69.38
86,49.1,90,36,10.07,65.96
87,96.62,15,0,11.3,33.64
88,63.32,82,0,7.27,-30.17
89,62.6,51,20,4.7,63.83
90,69.8,73,40,8.05,41.82
91,63.05,64,0,12.75,56.01
92,68.0,18,0,5.82,-24.38
93,51.8,81,90,2.24,-45.87
94,47.39,89,100,5.03,69.49
95,50.27,100,92,6.71,63.05
96,41.0,89,8,2.91,-39.94
97,104.0,16,0,9.17,26.33
98,61.07,87,0,1.68,-8.93
99,90.14,56,8,3.13,-9.17
100,41.0,46,0,11.74,-30.97
101,63.95,98,92,1.79,31.13
102,35.6,100,75,6.93,-53.16
103,75.2,73,90,15.99,19.71
104,75.2,60,20,14.99,54.13
105,86.0,48,0,8.05,37.14
106,45.05,88,88,13.76,73.51
107,92.84,43,24,0.45,18.44
108,95.0,14,40,9.17,17.54
109,48.38,94,92,10.18,71.98
110,50.0,87,0,4.36,53.6
111,71.6,64,0,9.17,53.32
112,82.67,40,0,11.63,35.3
113,59.63,98,100,6.93,53.59
114,77.0,69,1,7.72,45.3
115,38.57,86,12,4.59,68.75
116,78.62,78,0,3.13,-5.04
117,41.0,86,40,11.41,-41.43
118,66.92,98,0,4.03,-12.58
119,60.35,100,80,1.34,30.78
120,89.6,22,68,9.62,41.42
121,46.85,100,92,10.96,64.42
122,53.6,93,90,14.99,-36.72
123,60.8,93,75,3.36,65.28
124,50.0,57,40,17.22,65.61
125,71.15,98,20,1.9,37.58
126,71.33,75,92,9.62,-20.08
127,78.8,65,20,5.82,-17.73
128,73.4,67,40,8.05,37.46
129,73.76,97,92,4.59,23.25
130,79.43,100,56,19.01,-9.8
131,45.5,100,92,6.38,-42.48
132,48.47,58,0,4.81,-28.95
133,60.53,92,12,7.38,-33.59
134,50.0,100,90,9.17,49.72
135,78.8,78,36,4.14,48.0
136,78.8,44,1,4.03,38.25
137,33.89,92,64,9.17,70.62
138,78.08,86,0,8.05,-18.59
139,76.82,96,8,2.13,25.52
140,70.61,86,44,4.7,14.2
141,80.6,63,12,4.36,27.97
142,78.8,65,40,9.17,20.89
143,72.05,94,44,1.57,6.5
144,48.74,28,0,9.73,-20.74
145,62.78,84,56,4.59,50.72
146,82.4,74,90,18.34,34.68
147,52.43,71,0,9.4,71.97
148,51.8,81,75,8.05,63.44
149,96.8,20,0,4.7,45.6
150,69.8,26,0,10.29,-15.77
151,48.38,100,12,3.69,50.68
152,42.62,86,0,10.18,68.54
153,71.6,94,75,6.93,-22.97
154,52.7,99,92,3.13,8.96
155,82.4,94,90,1.57,20.71
156,77.09,100,76,6.15,-3.66
157,102.2,12,0,10.29,24.09
158,47.3,80,92,8.72,-37.83
159,80.6,83,75,13.87,9.52
160,103.73,24,0,4.81,20.52
161,62.6,45,92,4.36,52.0
162,64.22,100,92,3.69,-1.7
163,57.2,67,0,3.36,-33.02
164,46.4,70,75,3.36,69.22
165,77.0,61,20,8.05,38.52
166,41.27,80,0,20.24,77.48
167,78.8,78,20,9.17,-2.99
168,89.6,7,1,4.7,34.06
169,76.82,100,92,14.09,16.13
170,82.4,34,0,4.7,53.63
171,76.82,80,48,1.12,3.47
172,93.2,43,40,9.17,32.87
173,76.73,90,92,14.43,20.71
174,73.4,100,75,13.87,35.73
175,84.2,7,0,4.7,30.29
176,52.88,92,0,3.36,-34.0
177,50.0,71,75,10.29,78.22
178,50.0,71,20,12.75,-35.55
179,61.7,92,0,4.7,-33.69
180,38.03,82,0,5.14,-29.46
181,89.6,58,75,6.26,10.49
182,86.0,58,1,5.82,39.95
183,51.8,53,0,6.93,-31.43
184,71.6,53,0,6.71,55.75
185,60.8,87,75,3.36,58.52
186,60.8,56,88,18.68,-42.77
187,67.19,31,0,7.05,-34.61
188,66.2,93,56,11.41,54.6
189,65.93,99,92,3.58,43.61
190,98.6,29,0,5.82,26.16
191,56.03,88,92,8.16,60.98
192,77.0,36,1,8.39,34.64
193,66.2,63,90,12.75,55.74
194,74.84,56,64,8.16,50.74
195,69.8,30,0,5.26,-18.06
196,82.4,45,0,3.58,39.45
197,62.87,96,0,3.36,-8.45
198,69.8,68,75,9.17,47.66
199,70.7,62,8,4.36,-10.07
200,74.03,71,12,8.72,-22.35
201,82.4,94,75,2.24,32.21
202,68.0,88,32,3.36,-19.06
203,78.08,55,24,8.72,3.12
204,93.2,28,0,3.36,48.43
205,77.0,65,90,5.82,-21.64
206,80.6,54,1,4.7,44.36
207,79.7,90,0,8.39,28.88
208,59.0,82,40,19.46,60.4
209,76.1,73,32,4.59,-20.63
210,52.07,61,44,3.58,-46.43
211,74.57,98,88,9.95,11.0
212,60.8,93,90,6.93,62.45
213,74.93,57,0,7.83,-21.05
214,87.8,45,0,8.05,43.71
215,75.74,91,76,3.24,0.51
216,89.6,79,75,3.36,27.8
217,65.75,57,20,9.17,54.36
218,68.0,77,75,10.29,60.82
219,69.89,58,0,5.93,53.21
220,88.43,60,0,16.67,-2.92
221,67.1,62,0,9.4,7.14
222,76.55,94,92,14.76,22.21
223,68.27,97,88,3.02,6.75
224,42.8,100,90,5.82,66.15
225,48.47,67,24,4.36,65.95
226,91.4,17,0,25.28,34.35
227,60.53,91,36,5.03,-24.4
228,80.78,84,48,9.51,5.38
229,65.3,89,0,3.24,-8.05
230,66.2,70,75,2.24,51.15
231,69.8,73,40,6.93,43.27
232,86.0,51,20,5.82,45.29
233,78.62,85,0,6.6,33.93
234,86.0,66,75,18.34,43.1
235,105.8,24,0,13.65,30.65
236,66.56,87,0,4.14,-13.71
237,73.58,100,88,1.9,18.39
238,72.5,97,64,1.01,32.43
239,82.13,91,68,19.8,6.12
240,96.8,28,0,17.22,38.18
241,77.0,93,90,9.17,49.12
242,96.8,56,0,2.24,25.33
243,78.8,38,1,3.36,46.42
244,78.08,71,24,3.02,18.62
245,75.2,36,20,16.11,55.76
246,80.6,98,8,11.63,-16.48
247,79.43,36,68,7.16,49.14
248,53.87,60,68,4.36,60.35
249,57.2,95,92,2.68,64.9
250,64.4,59,90,5.82,23.99
251,59.0,93,75,5.82,-22.93
252,73.4,83,40,6.93,-23.87
253,75.83,83,0,3.36,5.77
254,84.2,62,0,11.41,41.01
255,56.66,100,92,16.67,59.36
256,91.13,34,20,4.59,-15.93
257,67.46,62,92,8.95,57.93
258,51.8,100,0,20.8,-35.36
259,86.0,62,5,7.16,22.89
260,45.59,77,0,4.36,65.73
261,56.03,64,100,17.45,67.55
262,48.83,89,56,4.59,65.8
263,74.57,99,68,2.46,15.01
264,43.52,90,0,3.47,60.47
265,62.6,63,36,5.82,62.91
266,84.38,99,0,10.18,24.9
267,80.6,44,8,10.29,53.25
268,70.34,93,20,1.9,33.08
269,71.6,53,20,8.05,54.14
270,91.4,66,75,18.34,43.26
271,70.88,86,12,3.58,17.54
272,77.45,100,12,8.61,4.42
273,57.2,76,20,25.28,63.84
274,70.07,46,32,11.3,-25.17
275,86.18,58,8,2.68,30.15
276,71.24,99,88,3.13,-18.65
277,91.4,66,20,10.29,28.41
278,86.0,33,75,13.87,11.28
279,77.0,99,20,10.63,4.87
280,57.38,100,92,4.47,63.91
281,71.6,64,40,8.05,-20.34
282,87.8,52,1,5.7,44.23
283,84.02,99,68,12.41,2.67
284,73.85,47,32,7.72,48.59
285,57.2,76,0,12.75,-29.95
286,73.4,64,0,4.7,38.2
287,70.52,87,8,8.16,-14.9
288,27.68,57,0,4.25,-46.28
289,77.18,87,0,7.94,-5.95
290,64.58,45,80,15.77,-43.3
291,57.2,76,90,3.36,50.1
292,75.2,31,1,3.36,42.62
293,77.0,94,75,4.7,2.29
294,41.18,91,0,3.91,67.46
295,77.72,100,56,3.13,-0.92
296,84.2,66,75,4.7,15.13
297,77.0,65,75,8.05,36.58
298,82.67,100,80,9.17,0.53
299,74.57,100,0,14.43,-14.27
300,76.19,48,56,5.59,14.4
301,71.6,64,40,8.05,-20.01
302,62.42,46,0,6.15,-11.84
303,44.15,99,76,1.57,65.58
304,67.64,44,92,17.22,-40.81
305,95.0,24,0,8.05,48.95
306,79.43,96,20,9.51,14.9
307,65.21,85,24,1.23,-3.46
308,42.8,81,40,6.93,-35.22
309,68.45,94,12,19.13,58.76
310,87.8,62,75,5.82,27.52
311,81.95,99,80,7.16,28.38
312,81.77,14,8,10.74,28.22
313,68.0,72,20,11.41,50.12
314,69.53,100,92,2.13,-7.96
315,76.82,100,92,14.09,16.29
316,109.22,13,48,5.14,22.68
317,83.57,100,64,13.2,6.37
318,79.79,100,56,5.37,-2.02
319,76.64,23,64,6.6,33.4
320,80.24,91,0,2.57,29.85
321,82.76,96,44,19.57,10.57
322,89.6,62,40,18.34,10.24
323,59.36,61,76,2.35,0.04
324,82.4,42,12,2.24,44.21
325,57.92,100,12,10.96,43.32
326,76.82,62,76,3.91,50.1
327,77.18,85,8,2.13,0.77
328,68.36,99,64,6.15,1.98
329,93.2,62,40,3.36,30.04
330,67.28,100,64,3.13,-15.43
331,77.18,98,8,10.63,-17.73
332,72.86,93,24,8.95,13.64
333,81.23,92,56,2.91,33.57
334,69.8,49,0,2.24,-25.67
335,75.2,44,1,2.24,50.44
336,93.2,75,44,9.17,26.56
337,85.82,62,0,2.68,10.26
338,71.87,100,0,8.05,-8.35
339,76.28,100,80,5.03,-5.56
340,81.77,93,80,17.78,12.07
341,78.62,95,80,5.14,40.18
342,74.12,100,76,9.62,-8.49
343,49.01,89,8,4.14,59.06
344,78.8,94,75,4.7,3.17
345,73.4,69,40,10.29,36.36
346,82.13,96,0,19.24,32.12
347,46.4,93,0,4.47,54.96
348,52.16,82,0,8.61,56.56
349,64.4,72,90,18.34,61.58
350,75.2,88,40,9.17,-12.97
351,53.33,98,80,19.01,-34.72
352,78.8,83,75,3.36,3.63
353,85.1,72,8,2.8,-5.81
354,94.28,19,44,8.61,40.36
355,71.6,73,90,3.58,-14.3
356,52.88,98,92,7.27,63.32
357,82.94,81,12,2.57,15.44
358,89.6,69,0,4.7,13.64
359,62.6,72,75,10.29,57.79
360,68.81,48,0,2.57,-14.66
361,73.4,73,75,8.84,38.73
362,76.19,42,36,7.83,54.89
363,79.25,76,0,7.16,31.05
364,70.79,99,92,2.13,19.3
365,81.59,62,20,2.35,5.36
366,44.6,93,68,10.29,-32.49
367,82.4,65,0,10.29,31.35
368,67.82,68,68,2.57,3.51
369,75.83,94,92,7.27,4.81
370,66.47,74,8,4.59,-0.61
371,74.3,94,92,5.14,8.18
372,48.2,93,0,3.91,44.01
373,78.44,58,0,11.07,51.48
374,86.18,36,88,2.46,22.69
375,73.4,74,0,10.4,35.01
376,73.4,43,1,2.35,37.78
377,82.4,69,40,2.24,5.43
378,77.45,97,0,6.6,-8.15
379,71.6,64,40,8.05,-20.41
380,80.6,69,0,17.22,28.66
381,69.8,77,75,14.99,48.86
382,80.96,100,68,3.36,17.48
383,80.6,78,75,3.36,21.35
384,75.2,83,20,4.7,-3.68
385,82.4,74,90,10.29,10.47
386,82.58,95,0,4.14,33.72
387,59.0,72,20,10.29,-23.65
388,39.65,78,8,4.14,-35.1
389,75.2,57,75,16.11,55.1
390,64.67,84,32,2.13,39.34
391,74.57,48,0,7.27,51.06
392,92.57,29,0,12.41,32.62
393,82.4,54,40,10.29,1.49
394,81.59,100,80,24.72,11.72
395,73.4,94,75,3.69,46.49
396,78.8,100,90,1.12,14.6
397,82.4,83,75,12.75,31.46
398,82.4,60,0,13.87,38.8
399,77.27,41,92,7.16,53.19
400,50.0,96,92,3.02,62.93
401,73.4,78,75,4.7,50.23
402,71.6,37,5,8.05,43.52
403,50.81,99,12,2.13,53.94
404,66.2,48,0,3.58,-32.03
405,82.4,83,90,13.87,41.47
406,72.41,97,100,2.01,19.29
407,55.4,87,0,6.38,-22.28
408,49.28,100,76,5.48,59.24
409,51.8,53,0,18.34,-32.72
410,73.22,100,12,5.14,-6.53
411,63.32,62,44,13.42,59.1
412,70.07,59,0,15.66,-14.25
413,47.57,91,32,2.13,51.13
414,35.6,64,0,9.17,-25.24
415,64.04,45,68,1.68,15.17
416,91.4,55,1,4.7,32.36
417,71.6,99,100,2.24,13.5
418,69.8,52,75,6.93,47.58
419,46.94,100,92,16.22,70.86
420,82.4,73,0,15.99,-5.2
421,76.46,95,92,2.91,7.53
422,78.8,47,0,7.49,39.45
423,75.74,45,0,11.3,35.01
424,45.77,88,8,3.8,56.73
425,85.73,79,0,5.48,25.02
426,75.2,47,1,11.41,55.28
427,64.04,88,88,5.14,57.65
428,46.4,93,0,2.24,54.82
429,67.46,62,8,1.57,36.37
430,53.42,75,76,11.18,63.2
431,53.69,18,0,9.84,-26.57
432,50.27,97,88,4.36,60.42
433,95.54,21,56,9.17,31.45
434,77.18,98,0,9.84,4.89
435,75.65,90,88,4.92,22.08
436,48.2,40,0,6.26,-20.46
437,83.48,67,44,5.7,46.38
438,77.0,78,90,5.82,-7.52
439,64.67,45,0,3.36,37.97
440,69.8,100,40,10.29,18.39
441,75.83,56,0,6.93,-16.84
442,90.59,32,0,11.41,-14.26
443,95.0,46,0,5.82,43.54
444,63.32,62,44,13.42,59.5
445,69.8,73,40,6.93,43.21
446,75.11,100,8,13.65,-6.76
447,59.63,12,32,15.32,-24.83
448,91.4,59,20,6.6,29.17
449,83.12,44,0,13.2,41.19
450,80.6,88,90,4.7,19.88
451,64.4,77,1,8.05,55.34
452,59.0,87,1,5.82,40.8
453,63.77,55,0,6.71,40.29
454,64.4,45,0,6.93,-33.01
455,64.4,52,80,10.29,60.45
456,57.2,76,0,6.93,-33.4
457,86.0,66,75,13.87,17.52
458,35.6,100,36,6.38,69.7
459,71.6,35,1,4.7,43.97
460,77.18,87,20,6.49,-0.91
461,73.4,43,1,2.35,37.87
462,105.8,9,1,1.68,33.68
463,71.6,56,0,5.82,52.05
464,73.4,56,0,8.61,52.39
465,50.0,71,20,12.75,-34.85
466,89.6,66,75,11.41,12.56
467,77.9,42,0,4.59,45.32
468,63.95,90,0,4.92,-8.09
469,96.8,20,0,6.93,44.83
470,88.43,60,0,16.67,-2.92
471,62.6,63,75,2.24,-1.64
472,82.49,100,68,15.32,26.54
473,54.05,95,80,2.35,58.01
474,84.2,42,0,3.36,37.75
475,86.0,55,20,18.34,-5.81
476,73.4,49,75,14.99,55.21
477,83.12,54,92,9.17,-4.2
478,83.39,91,20,8.95,5.38
479,73.4,64,40,16.11,37.72
480,69.8,73,40,6.93,43.48
481,44.78,87,0,2.35,56.05
482,47.3,88,0,2.24,55.96
483,69.8,68,0,6.71,56.01
484,64.4,36,0,6.93,-14.47
485,82.4,24,0,9.17,38.62
486,44.6,93,90,2.57,-13.74
487,78.8,54,48,3.36,45.24
488,59.18,97,76,5.48,60.4
489,93.2,52,20,9.17,39.41
490,80.78,82,80,11.86,16.58
491,93.2,46,1,5.82,34.8
492,76.28,87,92,6.38,7.99
493,78.62,64,92,5.48,-14.4
494,73.4,40,1,3.13,36.97
495,75.47,32,44,4.81,27.75
496,58.1,89,92,7.16,51.36
497,77.27,86,92,8.28,23.57
498,60.8,72,1,17.22,60.55
499,69.53,57,0,3.58,-17.17
500,75.2,88,0,1.12,-3.41
501,81.23,100,92,9.62,-0.6
502,65.12,68,0,9.62,-32.7
503,82.13,100,0,14.09,33.32
504,71.6,64,40,8.05,-19.98
505,59.0,77,0,6.71,60.73
506,77.0,47,75,5.82,41.28
507,60.8,63,75,23.04,-0.39
508,87.8,55,0,9.17,41.28
509,86.0,48,90,8.84,30.3
510,61.43,89,44,3.36,57.73
511,44.87,90,88,2.35,66.32
512,77.09,92,80,1.23,2.33
513,50.72,99,32,5.93,-39.19
514,68.0,94,40,6.71,40.81
515,83.93,74,32,14.2,43.74
516,55.4,26,0,10.29,-20.31
517,64.58,95,0,2.24,-13.68
518,51.8,81,75,11.41,70.03
519,82.4,54,40,10.29,1.44
520,73.13,48,0,8.61,53.07
521,69.08,100,20,2.01,7.17
522,62.6,72,75,14.99,55.14
523,76.19,87,24,5.26,0.57
524,97.07,36,0,5.93,-2.63
525,52.52,68,20,11.74,66.66
526,63.32,51,0,5.03,-17.3
527,71.42,97,24,8.72,-16.07
528,87.8,40,0,9.17,45.89
529,66.2,93,90,1.12,-23.13
